
D0 = {409599999999999999999999.9999999157793757773712495000838252480000000000000000000000000000}
D0 = {409599999999999999999999.999999915779375777371249500083825248000000000000000000000000000000000000000000000000000000}

D1 = {524287999999999999999999999999838296.4014925539494971210168600332489697396062793291604087254596275104}
D1 = {524287999999999999999999999999838296.401492553949497121016860033248969739606279329160408725459627510433792000000000000000000000}

p = {-729512522224830861393646515089911.1345319518096300513251340884364266223968277706403702536309074892}
p = {-729512522224830861393633322574242.394025994076481793823119421319045195422778786303038906704495520956747167054582764416603694}

q = {-49578424335180308131972236630477850.1666666666666666666666666666666666666666666666666666666666666666}
q = {-44055719847917148008680835603539294.098644295020758712411384796883208577407691532691973969613374756480884171532471710779216457}

D = {-44679316939439258650366435.9354738892025452474692600790836688531423239035136635230649740280}
D = {-44679316939439258650366435.935473889202545247469260079084981204260545988504472648990899549237977766538220722441053832}

Q = {640000000000.0000000000141326610821845613399087220664181105176799329645236045}
Q = {640000000000.000000000014132661082184561339908722066418110517679932964523604526743742060470758088048927}

S = {19098593171027441.0825566448420981269487030807543700864626723311703561099953572277}
S = {19098593171027441.082556587278889366832855712618801615314612824846616174011358869966233975780308363730039981}

u = {NaN}
u = {NaN}

v = {268871785.5885232805889664870496493886508895645155683935691913842653748086}
v = {8.660254037844563655573523851025475205539415540400213071668598857801175563798537292655865581}

x3 = {268871785.5885233381521745926670272589173174106636278998817166657787797114}
x3 = {8.660254037844563001075054353156334580539415540388998417198005402809665008824676725823405400}

x4 = {-268871785.5885232230257583814322715183844617183675088872566661027519699058}
x4 = {-8.660254037844564310071993348894615830539415540411427726139192312792686118772397859488325762}

